0 0 5 0 0 0 0 8 0 
7 3 6 0 0 0 0 0 5 
0 2 0 0 0 7 0 3 0 
0 6 0 0 7 1 0 9 0 
0 0 0 0 0 0 8 0 0 
0 0 9 2 3 0 0 0 1 
0 7 1 0 0 0 0 0 8 
0 9 0 0 0 0 0 0 0 
6 0 8 0 2 0 3 0 0 
20-[4] 1-[14] 73-[45] 0-[149] 26-[469] 29-[234] 30-[458] 33-[245] 35-[234] 37-[145] 45-[458] 46-[458] 65-[234] 16-[124] 77-[459] 80-[479] 12-[1489] 38-[2347] 39-[4569] 40-[4569] 41-[4569] 24-[1469] 13-[1489] 50-[4568] 51-[4567] 52-[4567] 54-[2345] 58-[4569] 61-[2456] 63-[2345] 14-[2489] 71-[2467] 15-[1249] 4-[1469] 79-[1457] 18-[1489] 59-[34569] 60-[24569] 3-[13469] 5-[23469] 8-[24679] 67-[14568] 68-[34568] 27-[23458] 36-[12345] 75-[14579] 43-[24567] 57-[34569] 44-[23467] 21-[145689] 22-[145689] 69-[124567] 70-[124567] 6-[124679] 66-[1345678] 


====================== START ========================



====================== STOP =========================

Computation Time : 0.000133

9 1 5 3 4 2 7 8 6 
7 3 6 9 1 8 2 4 5 
8 2 4 5 6 7 1 3 9 
3 6 2 8 7 1 5 9 4 
1 5 7 6 9 4 8 2 3 
4 8 9 2 3 5 6 7 1 
2 7 1 4 5 3 9 6 8 
5 9 3 7 8 6 4 1 2 
6 4 8 1 2 9 3 5 7 

0 0 5 0 0 0 0 8 0 
7 3 6 0 0 0 0 0 5 
0 2 0 0 0 7 0 3 0 
0 6 0 0 7 1 0 9 0 
0 0 0 0 0 0 8 0 0 
0 0 9 2 3 0 0 0 1 
0 7 1 0 0 0 0 0 8 
0 9 0 0 0 0 0 0 0 
6 0 8 0 2 0 3 0 0 
20-[4] 1-[14] 73-[45] 0-[149] 26-[469] 29-[234] 30-[458] 33-[245] 35-[234] 37-[145] 45-[458] 46-[458] 65-[234] 16-[124] 77-[459] 80-[479] 12-[1489] 38-[2347] 39-[4569] 40-[4569] 41-[4569] 24-[1469] 13-[1489] 50-[4568] 51-[4567] 52-[4567] 54-[2345] 58-[4569] 61-[2456] 63-[2345] 14-[2489] 71-[2467] 15-[1249] 4-[1469] 79-[1457] 18-[1489] 59-[34569] 60-[24569] 3-[13469] 5-[23469] 8-[24679] 67-[14568] 68-[34568] 27-[23458] 36-[12345] 75-[14579] 43-[24567] 57-[34569] 44-[23467] 21-[145689] 22-[145689] 69-[124567] 70-[124567] 6-[124679] 66-[1345678] 


====================== START ========================



====================== STOP =========================

Computation Time : 0

9 1 5 3 4 2 7 8 6 
7 3 6 9 1 8 2 4 5 
8 2 4 5 6 7 1 3 9 
3 6 2 8 7 1 5 9 4 
1 5 7 6 9 4 8 2 3 
4 8 9 2 3 5 6 7 1 
2 7 1 4 5 3 9 6 8 
5 9 3 7 8 6 4 1 2 
6 4 8 1 2 9 3 5 7 

